Number of poligons: 991
108892078
108892079
108892081
108892082
108892083
108893284
108893286
108893288
108893292
108893293
108893295
108893298
108893300
108893305
108893306
108893309
108893310
108893312
108893314
108893316
108893320
108893322
108893335
108893340
108893346
108893347
108893348
108893352
108893354
108899707
108899708
108899709
108899710
108903987
108903990
108934522
108939767
108946082
108950488
108952921
108978999
108984259
108984260
109016099
109044847
109044848
109044851
109044853
109044855
109044869
109044872
109044874
109044876
109044877
109044880
109047065
109047067
109047069
109047073
109047074
109047075
109047078
109047080
109047083
109047084
109047087
109047088
109047089
109047090
109047092
109047094
109047095
109047098
109066523
109066957
109066959
109066961
109066962
109066965
109066967
109066968
109066970
109066972
109066973
109066976
109066979
109066980
109066981
109066983
109066984
109066985
109066986
109066987
109066989
109066990
109066991
109066993
109066994
109066996
109066997
109066999
109067000
109067002
109067003
109067004
109067007
109067010
109067011
109067012
109067015
109067016
109067017
109067018
109067021
109067022
109067024
109067027
109067030
109067031
109067034
109067035
109067036
109067037
109067039
109067040
109067042
109067043
109067044
109067045
109067046
109067047
109067049
109067050
109067051
109067052
109067053
109067054
109067055
109067056
109067057
109067442
109067443
109067444
109067704
109067705
109069403
109071873
109071874
109075583
109078536
109078537
109078538
109078539
109078541
109078542
109078545
109078547
109078548
109078549
109078551
109078552
109078553
109078554
109078555
109078556
109078558
109078560
109078562
109078564
109078565
109078566
109078567
109078571
109078573
109078574
109078575
109078576
109078577
109078580
109078581
109078582
109078584
109078585
109078587
109078588
109078589
109078758
109078759
109099728
109099731
109099734
109099735
109099737
109099738
109099740
109099741
109099742
109101305
109151172
109151173
109151177
109151182
109151184
109152409
109152410
109152412
109152413
109152414
109152415
109152416
109152417
109152418
109152419
109152420
109152421
109152422
109160316
109160318
109160320
109160321
109160323
109160324
109160329
109160334
109160336
109160341
109160344
109160349
109160350
109160352
109160355
109160357
109160360
109160363
109160367
109160368
109160369
109160370
109160371
109160611
109160612
109161189
109161190
109161192
109161193
109161195
109161196
109161197
109161207
109161208
109232390
109232392
109242085
109261353
109261355
109261357
109261358
109261359
109263384
109293013
109293133
109303876
109310949
109310950
109310951
109310952
109314384
109314385
109314386
109314387
109359254
109359256
109360599
109361169
109361170
109361171
109361172
109361173
109407036
109428977
109428978
109428979
109428981
109428984
109428988
109428992
109442900
109442908
109542942
109542945
109542948
109561378
109576544
109576546
109627732
109714706
109729163
109729167
109729170
109735639
109742248
109742250
109760228
109766244
109841130
109841131
109842969
109849343
109860758
109886948
109894658
109894661
109894662
109894666
109894672
109894681
109894685
109894691
109894700
109894704
109894720
109894723
109894732
109894734
109894744
109894762
109894781
109894783
109894788
109894814
109894834
109894838
109902582
109902594
109902615
109912318
109912321
109912339
109913564
109915101
109915102
109915145
109915146
109915147
109915148
109915149
109915150
109915151
109915154
109915155
109915156
109915564
109915565
109915568
109915569
109916613
109916619
109917744
109917745
109917746
109917747
109919105
109919106
109919107
109919108
109919109
109919201
109919202
109922281
109927821
109928944
109928946
109991501
109991503
109991504
109992783
110038354
110076982
110076984
110076986
110076991
110085059
110086450
110097169
110100521
110105352
110109811
110109813
110128499
110145476
110195609
110225210
110305852
110343537
110344932
110346976
110346977
110346978
110346979
110347565
110370905
110370906
110370907
110370908
110370913
110370916
110370918
110370925
110370928
110370930
110387877
110390387
110391785
110391786
110394019
110394022
110420672
110420673
110458028
110458782
110458783
110459380
110460255
110461347
110461348
110461350
110461353
110461707
110461708
110519185
110519186
110520618
110520626
110520631
110521204
110521205
110521206
110521207
110521208
110525565
110525566
110641134
110644743
110644839
110645285
110645378
110691337
110691341
110809226
110859681
110859682
110859809
110917519
110918084
110918085
110918086
110918129
110921882
110922251
110924855
110993425
111088544
111088545
111122726
111122804
111122815
111128902
111134519
111135923
111136386
111137985
111138030
111138040
111141987
111141988
111168499
111197314
111205263
111205269
111206678
111207096
111207097
111211980
111211981
111211982
111211983
111211984
111211985
111211986
111220244
111235740
111235743
111235745
111235747
111241749
111241750
111249074
111249078
111249079
111249083
111249086
111254085
111254088
111254089
111254093
111254096
111254102
111254103
111254104
111254106
111254107
111254108
111254111
111254123
111254130
111254136
111254140
111254145
111254150
111254155
111254158
111254161
111254167
111254169
111254179
111267768
111268410
111268412
111268414
111268415
111268417
111268419
111268425
111268428
111268430
111268434
111268441
111268442
111301672
111302383
111307152
111307158
111307159
111313079
111330389
111330392
111342640
111343442
111394296
111394732
111411712
111411716
111411719
111413567
111413630
111413633
111413636
111414002
111414003
111414004
111416440
111417311
111417318
111423047
111423054
111423056
111429666
111464339
111470898
111491067
111519194
111523805
111523808
111523809
111524694
111524695
111528137
111528138
111528139
111528140
111528615
111528619
111528628
111528915
111528922
111528926
111528935
111528937
111528961
111528963
111528966
111528970
111528972
111530212
111530213
111530214
111530215
111530217
111530218
111530220
111530221
111530222
111530223
111530225
111530226
111530227
111530228
111530230
111530231
111530232
111530235
111530236
111530237
111530238
111530239
111530240
111530241
111530242
111530243
111530244
111530245
111530246
111530247
111530248
111530249
111530250
111530251
111530252
111530253
111530254
111532902
111532904
111532906
111532907
111532909
111532910
111532911
111532912
111532916
111535655
111535656
111535657
111535658
111535659
111535660
111535661
111535662
111535664
111535665
111535666
111535668
111535669
111535670
111535671
111535672
111535675
111535676
111535677
111535678
111535679
111535680
111535681
111535682
111535683
111535684
111535685
111535686
111535689
111535691
111535692
111535694
111535695
111537029
111537030
111537031
111537032
111537033
111537034
111537035
111537036
111537037
111537038
111537040
111537041
111537042
111537043
111537044
111537045
111537046
111537047
111537048
111537049
111537050
111537051
111537052
111537053
111537054
111537055
111537056
111537057
111537058
111537059
111537060
111537061
111537062
111537063
111537064
111537065
111537066
111537067
111537068
111537069
111537070
111537071
111537072
111537073
111537074
111537076
111537077
111537078
111537079
111537082
111537083
111537084
111537086
111537087
111537088
111537089
111537090
111537091
111537092
111537093
111537095
111537096
111537099
111537100
111537101
111537102
111537103
111537104
111537105
111537106
111537107
111538229
111538233
111538238
111538244
111538249
111538250
111538251
111538262
111538271
111538276
111538277
111538279
111539700
111539701
111539702
111539703
111539704
111539705
111539706
111539707
111539708
111539709
111539710
111539711
111539712
111539713
111539714
111539715
111539716
111539717
111539718
111539719
111539720
111539721
111539722
111539723
111539724
111539725
111539726
111539727
111539728
111539729
111539730
111539731
111539732
111539733
111539734
111539735
111539736
111539737
111539738
111539739
111539740
111539741
111539742
111539743
111539744
111539745
111539746
111539747
111539748
111539749
111539750
111539751
111539752
111539753
111539754
111539755
111539756
111539757
111539758
111539759
111539760
111539761
111539762
111539763
111539764
111539765
111539766
111539767
111539768
111539769
111539770
111539772
111539773
111539774
111539775
111539776
111539777
111539778
111539779
111539780
111539781
111539782
111539783
111539784
111539785
111539786
111539787
111539789
111539790
111539791
111539792
111539793
111539794
111539795
111539796
111539797
111539798
111539799
111539800
111539803
111539804
111539805
111539807
111539808
111539810
111539811
111539812
111539813
111539814
111539815
111539816
111539817
111539818
111539819
111539820
111539822
111539823
111539825
111539827
111539829
111539831
111539833
111539836
111539837
111539839
111539841
111539842
111539843
111539844
111539845
111539846
111539847
111542542
111544782
111544786
111544791
111544951
111546298
111546300
111547270
111547422
111547423
111547424
111547425
111547426
111547427
111547428
111547429
111547430
111547431
111547432
111547434
111547436
111547439
111547440
111547441
111547442
111547444
111547446
111547447
111547450
111547452
111547453
111547454
111547457
111547459
111547461
111547674
111548863
111548936
111549538
111549539
111551490
111551491
111551494
111551498
111551500
111551502
111551503
111556045
111556048
111556049
111556050
111556051
111556052
111557461
111557462
111558314
111558321
111559690
111559691
111559694
111559699
111559701
111559702
111559703
111565312
111566008
111566011
111566068
111566199
111566200
111566204
111566205
111566831
111566839
111566847
111566852
111566855
111566866
111566868
111566875
111566912
111566937
111566940
111566952
111566954
111566956
111566965
111566966
111566971
111566972
111566973
111566979
111566994
111568934
111569785
111569787
111569788
111570275
111585752
111597623
111599279
111619885
111619886
111619888
